Seq	Host	Starttime	JobRuntime	Send	Receive	Exitval	Signal	Command
1	:	1442087142.166	     0.063	0	3	0	0	././countcy_temp.run
2	:	1442087142.171	     0.213	0	0	0	0	././findcy_temp.run
6	:	1442087142.223	   276.378	0	0	0	0	././graphNum_32_1041/graphNum_32_1041_1_1.run
5	:	1442087142.220	   276.651	0	0	0	0	././graphNum_32_1041/graphNum_32_1041_0_1.run
8	:	1442087142.229	   673.279	0	0	0	0	././graphNum_32_1078/graphNum_32_1078_1_1.run
7	:	1442087142.226	   674.072	0	0	0	0	././graphNum_32_1078/graphNum_32_1078_0_1.run
9	:	1442087142.385	   694.949	0	0	0	0	././graphNum_32_1079/graphNum_32_1079_0_1.run
10	:	1442087142.389	   695.246	0	0	0	0	././graphNum_32_1079/graphNum_32_1079_1_1.run
4	:	1442087142.188	   917.230	0	0	0	0	././graphNum_32_1029/graphNum_32_1029_1_1.run
3	:	1442087142.175	   952.230	0	0	0	0	././graphNum_32_1029/graphNum_32_1029_0_1.run
12	:	1442087418.878	  1085.986	0	0	0	0	././graphNum_32_117/graphNum_32_117_1_1.run
11	:	1442087418.608	  1089.603	0	0	0	0	././graphNum_32_117/graphNum_32_117_0_1.run
13	:	1442087815.515	   708.561	0	0	0	0	././graphNum_32_126/graphNum_32_126_0_1.run
14	:	1442087816.306	   707.990	0	0	0	0	././graphNum_32_126/graphNum_32_126_1_1.run
16	:	1442087837.642	   863.034	0	0	0	0	././graphNum_32_127/graphNum_32_127_1_1.run
15	:	1442087837.635	   863.193	0	0	0	0	././graphNum_32_127/graphNum_32_127_0_1.run
17	:	1442088059.425	  1075.529	0	0	0	0	././graphNum_32_1499/graphNum_32_1499_0_1.run
18	:	1442088094.411	  1076.043	0	0	0	0	././graphNum_32_1499/graphNum_32_1499_1_1.run
22	:	1442088524.302	   936.182	0	0	0	0	././graphNum_32_1501/graphNum_32_1501_1_1.run
21	:	1442088524.083	   938.039	0	0	0	0	././graphNum_32_1501/graphNum_32_1501_0_1.run
19	:	1442088504.871	  1137.126	0	0	0	0	././graphNum_32_1500/graphNum_32_1500_0_1.run
20	:	1442088508.219	  1137.327	0	0	0	0	././graphNum_32_1500/graphNum_32_1500_1_1.run
24	:	1442088700.835	  1089.652	0	0	0	0	././graphNum_32_1502/graphNum_32_1502_1_1.run
23	:	1442088700.683	  1090.339	0	0	0	0	././graphNum_32_1502/graphNum_32_1502_0_1.run
25	:	1442089134.960	   976.585	0	0	0	0	././graphNum_32_1503/graphNum_32_1503_0_1.run
26	:	1442089170.461	   975.154	0	0	0	0	././graphNum_32_1503/graphNum_32_1503_1_1.run
29	:	1442089642.045	   780.852	0	0	0	0	././graphNum_32_1505/graphNum_32_1505_0_1.run
30	:	1442089645.553	   781.592	0	0	0	0	././graphNum_32_1505/graphNum_32_1505_1_1.run
28	:	1442089462.128	  1132.082	0	0	0	0	././graphNum_32_1504/graphNum_32_1504_1_1.run
27	:	1442089460.490	  1134.026	0	0	0	0	././graphNum_32_1504/graphNum_32_1504_0_1.run
32	:	1442089791.030	  1066.018	0	0	0	0	././graphNum_32_180/graphNum_32_180_1_1.run
31	:	1442089790.494	  1067.052	0	0	0	0	././graphNum_32_180/graphNum_32_180_0_1.run
33	:	1442090111.574	  1076.074	0	0	0	0	././graphNum_32_181/graphNum_32_181_0_1.run
34	:	1442090145.621	  1075.327	0	0	0	0	././graphNum_32_181/graphNum_32_181_1_1.run
35	:	1442090422.974	  1106.408	0	0	0	0	././graphNum_32_182/graphNum_32_182_0_1.run
36	:	1442090427.152	  1106.414	0	0	0	0	././graphNum_32_182/graphNum_32_182_1_1.run
38	:	1442090594.522	   953.967	0	0	0	0	././graphNum_32_183/graphNum_32_183_1_1.run
37	:	1442090594.264	   956.827	0	0	0	0	././graphNum_32_183/graphNum_32_183_0_1.run
43	:	1442091529.432	    82.416	0	0	0	0	././graphNum_32_2018/graphNum_32_2018_0_1.run
44	:	1442091533.573	    82.432	0	0	0	0	././graphNum_32_2018/graphNum_32_2018_1_1.run
39	:	1442090857.054	   917.369	0	0	0	0	././graphNum_32_1955/graphNum_32_1955_0_1.run
40	:	1442090857.552	   920.106	0	0	0	0	././graphNum_32_1955/graphNum_32_1955_1_1.run
45	:	1442091548.540	   457.462	0	0	0	0	././graphNum_32_209/graphNum_32_209_0_1.run
46	:	1442091551.096	   457.906	0	0	0	0	././graphNum_32_209/graphNum_32_209_1_1.run
49	:	1442091774.429	   377.860	0	0	0	0	././graphNum_32_239/graphNum_32_239_0_1.run
50	:	1442091777.665	   377.475	0	0	0	0	././graphNum_32_239/graphNum_32_239_1_1.run
41	:	1442091187.654	  1610.174	0	0	0	0	././graphNum_32_1990/graphNum_32_1990_0_1.run
42	:	1442091220.955	  1609.608	0	0	0	0	././graphNum_32_1990/graphNum_32_1990_1_1.run
52	:	1442092009.010	  1053.529	0	0	0	0	././graphNum_32_250/graphNum_32_250_1_1.run
51	:	1442092006.008	  1057.759	0	0	0	0	././graphNum_32_250/graphNum_32_250_0_1.run
48	:	1442091616.011	  1730.798	0	0	0	0	././graphNum_32_224/graphNum_32_224_1_1.run
47	:	1442091611.854	  1736.480	0	0	0	0	././graphNum_32_224/graphNum_32_224_0_1.run
53	:	1442092152.295	  1368.700	0	0	0	0	././graphNum_33_1075/graphNum_33_1075_0_3.run
54	:	1442092155.192	  1370.389	0	0	0	0	././graphNum_33_1075/graphNum_33_1075_1_3.run
61	:	1442093521.040	   217.365	0	0	0	0	././graphNum_33_1115/graphNum_33_1115_0_3.run
62	:	1442093525.587	   218.835	0	0	0	0	././graphNum_33_1115/graphNum_33_1115_1_3.run
63	:	1442093738.412	   215.250	0	0	0	0	././graphNum_33_1115/graphNum_33_1115_2_3.run
64	:	1442093744.495	   214.971	0	0	0	0	././graphNum_33_1115/graphNum_33_1115_3_3.run
56	:	1442092830.601	  1326.623	0	0	0	0	././graphNum_33_1075/graphNum_33_1075_3_3.run
65	:	1442093953.668	   208.230	0	0	0	0	././graphNum_33_1116/graphNum_33_1116_0_3.run
66	:	1442093959.508	   208.764	0	0	0	0	././graphNum_33_1116/graphNum_33_1116_1_3.run
55	:	1442092797.927	  1400.695	0	0	0	0	././graphNum_33_1075/graphNum_33_1075_2_3.run
69	:	1442094168.277	   172.140	0	0	0	0	././graphNum_33_1127/graphNum_33_1127_0_3.run
67	:	1442094157.231	   199.403	0	0	0	0	././graphNum_33_1116/graphNum_33_1116_2_3.run
68	:	1442094161.905	   198.936	0	0	0	0	././graphNum_33_1116/graphNum_33_1116_3_3.run
70	:	1442094198.628	   171.625	0	0	0	0	././graphNum_33_1127/graphNum_33_1127_1_3.run
71	:	1442094340.422	   172.587	0	0	0	0	././graphNum_33_1127/graphNum_33_1127_2_3.run
72	:	1442094356.641	   171.967	0	0	0	0	././graphNum_33_1127/graphNum_33_1127_3_3.run
73	:	1442094360.848	   171.521	0	0	0	0	././graphNum_33_1145/graphNum_33_1145_0_3.run
74	:	1442094370.259	   172.320	0	0	0	0	././graphNum_33_1145/graphNum_33_1145_1_3.run
75	:	1442094513.016	   179.529	0	0	0	0	././graphNum_33_1145/graphNum_33_1145_2_3.run
76	:	1442094528.615	   180.641	0	0	0	0	././graphNum_33_1145/graphNum_33_1145_3_3.run
58	:	1442093063.775	  1726.437	0	0	0	0	././graphNum_33_1099/graphNum_33_1099_1_3.run
57	:	1442093062.587	  1728.110	0	0	0	0	././graphNum_33_1099/graphNum_33_1099_0_3.run
59	:	1442093346.816	  1733.704	0	0	0	0	././graphNum_33_1099/graphNum_33_1099_2_3.run
60	:	1442093348.342	  1735.200	0	0	0	0	././graphNum_33_1099/graphNum_33_1099_3_3.run
77	:	1442094532.377	  3321.062	0	0	0	0	././graphNum_33_146/graphNum_33_146_0_3.run
78	:	1442094542.587	  3472.917	0	0	0	0	././graphNum_33_146/graphNum_33_146_1_3.run
79	:	1442094692.618	  3364.263	0	0	0	0	././graphNum_33_146/graphNum_33_146_2_3.run
80	:	1442094709.264	  3357.380	0	0	0	0	././graphNum_33_146/graphNum_33_146_3_3.run
81	:	1442094790.304	  3770.201	0	0	0	0	././graphNum_33_147/graphNum_33_147_0_3.run
82	:	1442094790.808	  3934.766	0	0	0	0	././graphNum_33_147/graphNum_33_147_1_3.run
84	:	1442095083.620	  3782.691	0	0	0	0	././graphNum_33_147/graphNum_33_147_3_3.run
83	:	1442095080.687	  3841.056	0	0	0	0	././graphNum_33_147/graphNum_33_147_2_3.run
85	:	1442097853.567	  2847.424	0	0	0	0	././graphNum_33_1513/graphNum_33_1513_0_3.run
87	:	1442098056.917	  2804.542	0	0	0	0	././graphNum_33_1513/graphNum_33_1513_2_3.run
88	:	1442098066.651	  2833.059	0	0	0	0	././graphNum_33_1513/graphNum_33_1513_3_3.run
86	:	1442098015.545	  2991.717	0	0	0	0	././graphNum_33_1513/graphNum_33_1513_1_3.run
89	:	1442098560.559	  3211.096	0	0	0	0	././graphNum_33_1623/graphNum_33_1623_0_3.run
90	:	1442098725.630	  3185.496	0	0	0	0	././graphNum_33_1623/graphNum_33_1623_1_3.run
91	:	1442098866.387	  3168.291	0	0	0	0	././graphNum_33_1623/graphNum_33_1623_2_3.run
92	:	1442098921.811	  3202.701	0	0	0	0	././graphNum_33_1623/graphNum_33_1623_3_3.run
93	:	1442100701.259	  3443.878	0	0	0	0	././graphNum_33_1624/graphNum_33_1624_0_3.run
95	:	1442100899.749	  3401.185	0	0	0	0	././graphNum_33_1624/graphNum_33_1624_2_3.run
94	:	1442100861.516	  3464.710	0	0	0	0	././graphNum_33_1624/graphNum_33_1624_1_3.run
96	:	1442101007.319	  3417.602	0	0	0	0	././graphNum_33_1624/graphNum_33_1624_3_3.run
97	:	1442101771.663	  3117.021	0	0	0	0	././graphNum_33_1625/graphNum_33_1625_0_3.run
98	:	1442101911.134	  3109.896	0	0	0	0	././graphNum_33_1625/graphNum_33_1625_1_3.run
99	:	1442102034.788	  3099.792	0	0	0	0	././graphNum_33_1625/graphNum_33_1625_2_3.run
100	:	1442102124.552	  3118.046	0	0	0	0	././graphNum_33_1625/graphNum_33_1625_3_3.run
101	:	1442104145.209	  3155.055	0	0	0	0	././graphNum_33_1626/graphNum_33_1626_0_3.run
103	:	1442104326.259	  3099.747	0	0	0	0	././graphNum_33_1626/graphNum_33_1626_2_3.run
102	:	1442104300.942	  3196.284	0	0	0	0	././graphNum_33_1626/graphNum_33_1626_1_3.run
104	:	1442104424.957	  3118.167	0	0	0	0	././graphNum_33_1626/graphNum_33_1626_3_3.run
105	:	1442104888.761	  3180.866	0	0	0	0	././graphNum_33_1627/graphNum_33_1627_0_3.run
106	:	1442105021.084	  3157.120	0	0	0	0	././graphNum_33_1627/graphNum_33_1627_1_3.run
107	:	1442105134.587	  3136.344	0	0	0	0	././graphNum_33_1627/graphNum_33_1627_2_3.run
108	:	1442105242.606	  3143.890	0	0	0	0	././graphNum_33_1627/graphNum_33_1627_3_3.run
109	:	1442107300.347	  3443.393	0	0	0	0	././graphNum_33_1628/graphNum_33_1628_0_3.run
110	:	1442107426.044	  3437.117	0	0	0	0	././graphNum_33_1628/graphNum_33_1628_1_3.run
111	:	1442107497.283	  3428.450	0	0	0	0	././graphNum_33_1628/graphNum_33_1628_2_3.run
112	:	1442107543.132	  3444.328	0	0	0	0	././graphNum_33_1628/graphNum_33_1628_3_3.run
113	:	1442108069.685	  3518.427	0	0	0	0	././graphNum_33_1629/graphNum_33_1629_0_3.run
114	:	1442108178.210	  3578.601	0	0	0	0	././graphNum_33_1629/graphNum_33_1629_1_3.run
115	:	1442108270.938	  3501.733	0	0	0	0	././graphNum_33_1629/graphNum_33_1629_2_3.run
116	:	1442108386.540	  3510.733	0	0	0	0	././graphNum_33_1629/graphNum_33_1629_3_3.run
117	:	1442110743.795	  3573.702	0	0	0	0	././graphNum_33_1630/graphNum_33_1630_0_3.run
119	:	1442110925.941	  3576.634	0	0	0	0	././graphNum_33_1630/graphNum_33_1630_2_3.run
120	:	1442110987.547	  3578.238	0	0	0	0	././graphNum_33_1630/graphNum_33_1630_3_3.run
118	:	1442110863.166	  3741.255	0	0	0	0	././graphNum_33_1630/graphNum_33_1630_1_3.run
121	:	1442111588.207	  3696.849	0	0	0	0	././graphNum_33_1631/graphNum_33_1631_0_3.run
122	:	1442111756.916	  3660.679	0	0	0	0	././graphNum_33_1631/graphNum_33_1631_1_3.run
123	:	1442111772.724	  3657.483	0	0	0	0	././graphNum_33_1631/graphNum_33_1631_2_3.run
124	:	1442111897.382	  3656.673	0	0	0	0	././graphNum_33_1631/graphNum_33_1631_3_3.run
125	:	1442114317.610	  3461.927	0	0	0	0	././graphNum_33_1632/graphNum_33_1632_0_3.run
126	:	1442114502.583	  3473.771	0	0	0	0	././graphNum_33_1632/graphNum_33_1632_1_3.run
127	:	1442114565.822	  3431.328	0	0	0	0	././graphNum_33_1632/graphNum_33_1632_2_3.run
128	:	1442114604.428	  3431.217	0	0	0	0	././graphNum_33_1632/graphNum_33_1632_3_3.run
129	:	1442115285.064	  3560.336	0	0	0	0	././graphNum_33_1633/graphNum_33_1633_0_3.run
131	:	1442115430.254	  3530.694	0	0	0	0	././graphNum_33_1633/graphNum_33_1633_2_3.run
130	:	1442115417.653	  3564.503	0	0	0	0	././graphNum_33_1633/graphNum_33_1633_1_3.run
132	:	1442115554.125	  3557.642	0	0	0	0	././graphNum_33_1633/graphNum_33_1633_3_3.run
133	:	1442117779.549	  3314.535	0	0	0	0	././graphNum_33_1634/graphNum_33_1634_0_3.run
135	:	1442117997.166	  3290.381	0	0	0	0	././graphNum_33_1634/graphNum_33_1634_2_3.run
134	:	1442117976.666	  3321.968	0	0	0	0	././graphNum_33_1634/graphNum_33_1634_1_3.run
136	:	1442118035.652	  3270.703	0	0	0	0	././graphNum_33_1634/graphNum_33_1634_3_3.run
137	:	1442118845.515	  3124.905	0	0	0	0	././graphNum_33_1635/graphNum_33_1635_0_3.run
139	:	1442118982.169	  3108.594	0	0	0	0	././graphNum_33_1635/graphNum_33_1635_2_3.run
138	:	1442118960.997	  3173.361	0	0	0	0	././graphNum_33_1635/graphNum_33_1635_1_3.run
140	:	1442119111.803	  3118.587	0	0	0	0	././graphNum_33_1635/graphNum_33_1635_3_3.run
141	:	1442121094.187	  3503.379	0	0	0	0	././graphNum_33_1636/graphNum_33_1636_0_3.run
143	:	1442121298.641	  3471.895	0	0	0	0	././graphNum_33_1636/graphNum_33_1636_2_3.run
144	:	1442121306.398	  3474.246	0	0	0	0	././graphNum_33_1636/graphNum_33_1636_3_3.run
142	:	1442121287.554	  3509.486	0	0	0	0	././graphNum_33_1636/graphNum_33_1636_1_3.run
145	:	1442121970.474	  3446.414	0	0	0	0	././graphNum_33_1637/graphNum_33_1637_0_3.run
146	:	1442122090.771	  3486.651	0	0	0	0	././graphNum_33_1637/graphNum_33_1637_1_3.run
147	:	1442122134.413	  3469.190	0	0	0	0	././graphNum_33_1637/graphNum_33_1637_2_3.run
148	:	1442122230.427	  3452.358	0	0	0	0	././graphNum_33_1637/graphNum_33_1637_3_3.run
149	:	1442124597.616	  3494.055	0	0	0	0	././graphNum_33_1638/graphNum_33_1638_0_3.run
151	:	1442124780.653	  3490.880	0	0	0	0	././graphNum_33_1638/graphNum_33_1638_2_3.run
150	:	1442124770.543	  3514.072	0	0	0	0	././graphNum_33_1638/graphNum_33_1638_1_3.run
152	:	1442124797.048	  3489.532	0	0	0	0	././graphNum_33_1638/graphNum_33_1638_3_3.run
153	:	1442125416.896	  3254.250	0	0	0	0	././graphNum_33_1639/graphNum_33_1639_0_3.run
155	:	1442125603.611	  3243.142	0	0	0	0	././graphNum_33_1639/graphNum_33_1639_2_3.run
154	:	1442125577.430	  3313.398	0	0	0	0	././graphNum_33_1639/graphNum_33_1639_1_3.run
156	:	1442125682.794	  3267.561	0	0	0	0	././graphNum_33_1639/graphNum_33_1639_3_3.run
157	:	1442128091.833	  3396.592	0	0	0	0	././graphNum_33_1640/graphNum_33_1640_0_3.run
160	:	1442128286.647	  3363.694	0	0	0	0	././graphNum_33_1640/graphNum_33_1640_3_3.run
159	:	1442128284.655	  3373.894	0	0	0	0	././graphNum_33_1640/graphNum_33_1640_2_3.run
158	:	1442128271.540	  3441.304	0	0	0	0	././graphNum_33_1640/graphNum_33_1640_1_3.run
161	:	1442128671.153	  3166.053	0	0	0	0	././graphNum_33_1641/graphNum_33_1641_0_3.run
162	:	1442128846.761	  3137.328	0	0	0	0	././graphNum_33_1641/graphNum_33_1641_1_3.run
163	:	1442128890.870	  3170.391	0	0	0	0	././graphNum_33_1641/graphNum_33_1641_2_3.run
164	:	1442128950.374	  3125.205	0	0	0	0	././graphNum_33_1641/graphNum_33_1641_3_3.run
165	:	1442131488.685	  3257.473	0	0	0	0	././graphNum_33_1642/graphNum_33_1642_0_3.run
167	:	1442131658.557	  3256.515	0	0	0	0	././graphNum_33_1642/graphNum_33_1642_2_3.run
166	:	1442131650.348	  3276.750	0	0	0	0	././graphNum_33_1642/graphNum_33_1642_1_3.run
168	:	1442131712.853	  3230.343	0	0	0	0	././graphNum_33_1642/graphNum_33_1642_3_3.run
169	:	1442131837.213	  3366.552	0	0	0	0	././graphNum_33_1643/graphNum_33_1643_0_3.run
170	:	1442131984.096	  3351.786	0	0	0	0	././graphNum_33_1643/graphNum_33_1643_1_3.run
171	:	1442132061.268	  3354.321	0	0	0	0	././graphNum_33_1643/graphNum_33_1643_2_3.run
172	:	1442132075.587	  3343.743	0	0	0	0	././graphNum_33_1643/graphNum_33_1643_3_3.run
173	:	1442134746.260	  3130.345	0	0	0	0	././graphNum_33_1644/graphNum_33_1644_0_3.run
174	:	1442134915.115	  3123.530	0	0	0	0	././graphNum_33_1644/graphNum_33_1644_1_3.run
175	:	1442134927.140	  3121.250	0	0	0	0	././graphNum_33_1644/graphNum_33_1644_2_3.run
176	:	1442134943.256	  3119.934	0	0	0	0	././graphNum_33_1644/graphNum_33_1644_3_3.run
177	:	1442135203.837	  3213.078	0	0	0	0	././graphNum_33_1645/graphNum_33_1645_0_3.run
178	:	1442135335.889	  3211.430	0	0	0	0	././graphNum_33_1645/graphNum_33_1645_1_3.run
179	:	1442135415.637	  3202.840	0	0	0	0	././graphNum_33_1645/graphNum_33_1645_2_3.run
180	:	1442135419.344	  3204.202	0	0	0	0	././graphNum_33_1645/graphNum_33_1645_3_3.run
181	:	1442137876.649	  3171.899	0	0	0	0	././graphNum_33_1646/graphNum_33_1646_0_3.run
183	:	1442138048.423	  3170.946	0	0	0	0	././graphNum_33_1646/graphNum_33_1646_2_3.run
182	:	1442138038.691	  3187.875	0	0	0	0	././graphNum_33_1646/graphNum_33_1646_1_3.run
184	:	1442138063.198	  3172.478	0	0	0	0	././graphNum_33_1646/graphNum_33_1646_3_3.run
185	:	1442138416.922	  3213.093	0	0	0	0	././graphNum_33_1647/graphNum_33_1647_0_3.run
187	:	1442138618.485	  3208.953	0	0	0	0	././graphNum_33_1647/graphNum_33_1647_2_3.run
186	:	1442138547.366	  3281.062	0	0	0	0	././graphNum_33_1647/graphNum_33_1647_1_3.run
188	:	1442138623.596	  3211.535	0	0	0	0	././graphNum_33_1647/graphNum_33_1647_3_3.run
189	:	1442141048.712	  3527.292	0	0	0	0	././graphNum_33_1648/graphNum_33_1648_0_3.run
191	:	1442141226.603	  3532.972	0	0	0	0	././graphNum_33_1648/graphNum_33_1648_2_3.run
192	:	1442141235.714	  3524.276	0	0	0	0	././graphNum_33_1648/graphNum_33_1648_3_3.run
193	:	1442141630.272	  3283.131	0	0	0	0	././graphNum_33_1649/graphNum_33_1649_0_3.run
190	:	1442141219.430	  3761.439	0	0	0	0	././graphNum_33_1648/graphNum_33_1648_1_3.run
195	:	1442141828.435	  3293.085	0	0	0	0	././graphNum_33_1649/graphNum_33_1649_2_3.run
196	:	1442141835.139	  3294.899	0	0	0	0	././graphNum_33_1649/graphNum_33_1649_3_3.run
194	:	1442141827.497	  3319.773	0	0	0	0	././graphNum_33_1649/graphNum_33_1649_1_3.run
197	:	1442144576.113	  3180.229	0	0	0	0	././graphNum_33_1650/graphNum_33_1650_0_3.run
199	:	1442144760.038	  3211.604	0	0	0	0	././graphNum_33_1650/graphNum_33_1650_2_3.run
198	:	1442144759.628	  3220.427	0	0	0	0	././graphNum_33_1650/graphNum_33_1650_1_3.run
200	:	1442144913.410	  3197.799	0	0	0	0	././graphNum_33_1650/graphNum_33_1650_3_3.run
201	:	1442144980.877	  3289.090	0	0	0	0	././graphNum_33_1651/graphNum_33_1651_0_3.run
204	:	1442145147.278	  3249.005	0	0	0	0	././graphNum_33_1651/graphNum_33_1651_3_3.run
203	:	1442145130.046	  3268.355	0	0	0	0	././graphNum_33_1651/graphNum_33_1651_2_3.run
202	:	1442145121.586	  3334.687	0	0	0	0	././graphNum_33_1651/graphNum_33_1651_1_3.run
205	:	1442147756.435	  3516.940	0	0	0	0	././graphNum_33_1652/graphNum_33_1652_0_3.run
206	:	1442147971.694	  3510.450	0	0	0	0	././graphNum_33_1652/graphNum_33_1652_1_3.run
207	:	1442147980.108	  3530.545	0	0	0	0	././graphNum_33_1652/graphNum_33_1652_2_3.run
209	:	1442148270.001	  3241.103	0	0	0	0	././graphNum_33_1653/graphNum_33_1653_0_3.run
208	:	1442148111.292	  3497.401	0	0	0	0	././graphNum_33_1652/graphNum_33_1652_3_3.run
211	:	1442148398.467	  3218.523	0	0	0	0	././graphNum_33_1653/graphNum_33_1653_2_3.run
212	:	1442148456.281	  3202.608	0	0	0	0	././graphNum_33_1653/graphNum_33_1653_3_3.run
210	:	1442148396.366	  3312.753	0	0	0	0	././graphNum_33_1653/graphNum_33_1653_1_3.run
213	:	1442151273.494	  3238.331	0	0	0	0	././graphNum_33_1654/graphNum_33_1654_0_3.run
215	:	1442151510.659	  3251.429	0	0	0	0	././graphNum_33_1654/graphNum_33_1654_2_3.run
216	:	1442151511.111	  3257.842	0	0	0	0	././graphNum_33_1654/graphNum_33_1654_3_3.run
214	:	1442151482.201	  3303.575	0	0	0	0	././graphNum_33_1654/graphNum_33_1654_1_3.run
218	:	1442151616.999	  3515.980	0	0	0	0	././graphNum_33_1655/graphNum_33_1655_1_3.run
217	:	1442151608.700	  3535.500	0	0	0	0	././graphNum_33_1655/graphNum_33_1655_0_3.run
219	:	1442151658.895	  3502.028	0	0	0	0	././graphNum_33_1655/graphNum_33_1655_2_3.run
220	:	1442151709.149	  3510.940	0	0	0	0	././graphNum_33_1655/graphNum_33_1655_3_3.run
221	:	1442154511.861	  3793.432	0	0	0	0	././graphNum_33_1656/graphNum_33_1656_0_3.run
222	:	1442154762.191	  3771.434	0	0	0	0	././graphNum_33_1656/graphNum_33_1656_1_3.run
224	:	1442154785.821	  3756.326	0	0	0	0	././graphNum_33_1656/graphNum_33_1656_3_3.run
223	:	1442154769.007	  3782.260	0	0	0	0	././graphNum_33_1656/graphNum_33_1656_2_3.run
226	:	1442155144.207	  3614.154	0	0	0	0	././graphNum_33_1657/graphNum_33_1657_1_3.run
225	:	1442155133.071	  3634.747	0	0	0	0	././graphNum_33_1657/graphNum_33_1657_0_3.run
227	:	1442155160.931	  3632.450	0	0	0	0	././graphNum_33_1657/graphNum_33_1657_2_3.run
228	:	1442155220.115	  3618.088	0	0	0	0	././graphNum_33_1657/graphNum_33_1657_3_3.run
229	:	1442158305.377	  3336.851	0	0	0	0	././graphNum_33_1658/graphNum_33_1658_0_3.run
231	:	1442158542.177	  3319.217	0	0	0	0	././graphNum_33_1658/graphNum_33_1658_2_3.run
232	:	1442158551.274	  3311.732	0	0	0	0	././graphNum_33_1658/graphNum_33_1658_3_3.run
230	:	1442158533.672	  3396.163	0	0	0	0	././graphNum_33_1658/graphNum_33_1658_1_3.run
234	:	1442158767.852	  3763.206	0	0	0	0	././graphNum_33_1659/graphNum_33_1659_1_3.run
233	:	1442158758.369	  3788.120	0	0	0	0	././graphNum_33_1659/graphNum_33_1659_0_3.run
235	:	1442158793.388	  3764.378	0	0	0	0	././graphNum_33_1659/graphNum_33_1659_2_3.run
236	:	1442158838.210	  3754.473	0	0	0	0	././graphNum_33_1659/graphNum_33_1659_3_3.run
237	:	1442161642.236	  3548.763	0	0	0	0	././graphNum_33_1660/graphNum_33_1660_0_3.run
239	:	1442161863.015	  3531.121	0	0	0	0	././graphNum_33_1660/graphNum_33_1660_2_3.run
240	:	1442161929.842	  3518.374	0	0	0	0	././graphNum_33_1660/graphNum_33_1660_3_3.run
238	:	1442161861.402	  3641.386	0	0	0	0	././graphNum_33_1660/graphNum_33_1660_1_3.run
243	:	1442162557.796	  3232.065	0	0	0	0	././graphNum_33_1661/graphNum_33_1661_2_3.run
241	:	1442162531.149	  3279.478	0	0	0	0	././graphNum_33_1661/graphNum_33_1661_0_3.run
244	:	1442162592.690	  3256.487	0	0	0	0	././graphNum_33_1661/graphNum_33_1661_3_3.run
242	:	1442162546.496	  3310.736	0	0	0	0	././graphNum_33_1661/graphNum_33_1661_1_3.run
245	:	1442165191.081	  3678.171	0	0	0	0	././graphNum_33_1662/graphNum_33_1662_0_3.run
246	:	1442165394.198	  3649.860	0	0	0	0	././graphNum_33_1662/graphNum_33_1662_1_3.run
247	:	1442165448.250	  3656.217	0	0	0	0	././graphNum_33_1662/graphNum_33_1662_2_3.run
248	:	1442165502.795	  3653.760	0	0	0	0	././graphNum_33_1662/graphNum_33_1662_3_3.run
249	:	1442165789.868	  3795.125	0	0	0	0	././graphNum_33_1663/graphNum_33_1663_0_3.run
251	:	1442165849.186	  3742.627	0	0	0	0	././graphNum_33_1663/graphNum_33_1663_2_3.run
252	:	1442165857.239	  3761.235	0	0	0	0	././graphNum_33_1663/graphNum_33_1663_3_3.run
250	:	1442165810.675	  3841.888	0	0	0	0	././graphNum_33_1663/graphNum_33_1663_1_3.run
253	:	1442168869.282	  3456.810	0	0	0	0	././graphNum_33_1664/graphNum_33_1664_0_3.run
254	:	1442169044.122	  3511.552	0	0	0	0	././graphNum_33_1664/graphNum_33_1664_1_3.run
255	:	1442169104.592	  3486.188	0	0	0	0	././graphNum_33_1664/graphNum_33_1664_2_3.run
256	:	1442169156.630	  3449.547	0	0	0	0	././graphNum_33_1664/graphNum_33_1664_3_3.run
259	:	1442169618.530	  3371.189	0	0	0	0	././graphNum_33_1665/graphNum_33_1665_2_3.run
257	:	1442169585.130	  3418.173	0	0	0	0	././graphNum_33_1665/graphNum_33_1665_0_3.run
258	:	1442169591.880	  3424.484	0	0	0	0	././graphNum_33_1665/graphNum_33_1665_1_3.run
260	:	1442169652.575	  3374.744	0	0	0	0	././graphNum_33_1665/graphNum_33_1665_3_3.run
261	:	1442172326.172	  3714.741	0	0	0	0	././graphNum_33_1666/graphNum_33_1666_0_3.run
263	:	1442172590.788	  3694.100	0	0	0	0	././graphNum_33_1666/graphNum_33_1666_2_3.run
264	:	1442172606.184	  3697.711	0	0	0	0	././graphNum_33_1666/graphNum_33_1666_3_3.run
262	:	1442172555.683	  3767.356	0	0	0	0	././graphNum_33_1666/graphNum_33_1666_1_3.run
267	:	1442173016.372	  3875.640	0	0	0	0	././graphNum_33_1667/graphNum_33_1667_2_3.run
265	:	1442172989.725	  3915.856	0	0	0	0	././graphNum_33_1667/graphNum_33_1667_0_3.run
268	:	1442173027.356	  3921.621	0	0	0	0	././graphNum_33_1667/graphNum_33_1667_3_3.run
266	:	1442173003.340	  3955.663	0	0	0	0	././graphNum_33_1667/graphNum_33_1667_1_3.run
